dim 100 100 100
putsphere 45 45 25 25 0.97 0.65 0.72 1.0
putsphere 20 40 25 10 0.97 0.65 0.72 1.0
putsphere 70 40 25 10 0.97 0.65 0.72 1.0
putellipsoid 28 21 25 15 5 12 0.86 0 0.34 1.0
putellipsoid 62 21 25 15 5 12 0.86 0 0.34 1.0
cutbox 0 99 0 16 0 99
cutbox 38 39 45 54 49 49
cutbox 51 52 45 54 49 49
putbox 38 39 45 54 48 48 0 0 0 1.0
putbox 51 52 45 54 48 48 0 0 0 1.0
putbox 44 46 41 41 49 49 0 0 0 1.0
putvoxel 43 42 49 0 0 0 1.0
putvoxel 47 42 49 0 0 0 1.0
putvoxel 42 43 49 0 0 0 1.0
putvoxel 48 43 49 0 0 0 1.0
putbox 9 39 53 54 48 48 1.0 1.0 1.0 1.0
putbox 52 52 53 54 48 48 1.0 1.0 1.0 1.0
cutbox 36 36 42 43 49 49
cutbox 53 53 42 43 49 49
putbox 34 36 42 43 48 48 0.95 0.44 0.52 1.0
putbox 53 55 42 43 48 48 0.95 0.44 0.52 1.0
cutbox 0 99 0 99 50 50
